round,total_sme_q,total_ds_q,total_outside_q,total_overlap_q,total_questions
0,13,8,0,4,17
1,166,105,2,50,223
